
2.5 
5 
10 
20 
30 
40 
50 
60 
70 
80 
90

0.56 
0.76 
1.03 
1.34 
1.50 
1.49 
1.43 
1.31 
1.11 
0.84 
0.53
 
0.50 
0.73
0.97 
1.17 
1.23 
1.22 
1.17 
1.07 
0.91 
0.69 
0.43

0.62 
0.90 
1.20 
1.44 
1.52 
1.51 
1.44 
1.32 
1.13 
0.85 
0.53

0.28 
0.40 
0.54 
0.65 
0.68
0.67 
0.65 
0.59 
0.50 
0.38 
0.24 

0.57
0.81
1.09 
1.31 
1.38 
1.37 
1.31 
1.20 
1.02 
0.77 
0.48

0.03
0.04 
0.05 
0.06 
0.06 
0.06 
0.06 
0.05 
0.045 
0.03 
0.02 

0.47 
0.68
0.91 
1.09
1.15
1.14
1.09 
1.00 
0.85 
0.64 
0.40 
 
0.39 
0.56 
0.75 
0.90 
0.95 
0.94 
0.90 
0.83 
0.70 
0.53 
0.33 

0.32 
0.47 
0.62 
0.75 
0.79 
0.78
0.75 
0.69 
0.59 
0.44 
0.28

0.27 
0.38
0.51 
0.62 
0.65 
0.64 
0.62 
0.57 
0.48 
0.36 
0.23 

0.21 
0.30 
0.40 
0.48 
0.50 
0.50 
0.48
0.44 
0.37 
0.28
0.18 

0.15 
0.21 
0.28 
0.34 
0.36 
0.36 
0.34 
0.31 
0.27 
0.20 
0.13 

0.08
0.12 
0.16 
0.19 
0.20 
0.20 
0.19 
0.17 
0.15 
0.11 
0.07